박파차 88 91 85 81
이진바 81 72 98 67
김석카 98 76 88 98
송화형 73 67 94 95
최아준 97 77 76 81
송화진 89 74 65 76
유마마 78 84 99 94
박길라 83 70 65 77
강석하 73 89 80 83
곽나나 98 85 87 94
강바윤 75 93 69 66
박화윤 72 90 90 79
강진타 74 70 76 97
구마진 76 66 93 93
구길화 65 75 69 81
송화바 73 78 79 71
적바하 91 88 99 91
적길재 100 85 90 94
정하타 100 74 80 95
오가길 75 100 95 68
곽차자 91 87 77 90
고진형 100 80 87 76
구아사 99 91 93 67
강나윤 84 89 93 70
송하바 99 85 70 97
유다진 76 94 68 83
류준나 65 87 79 88
손길자 86 89 91 96
유파바 83 72 78 93
김다석 96 73 80 84
김석사 89 68 96 79
곽재진 79 83 76 70
손화석 71 98 92 88
이윤형 74 92 95 94
구나진 75 72 88 94
최파아 73 79 69 88
박다라 79 67 68 88
구길섭 67 82 82 87
유나윤 76 98 71 95
구윤석 100 88 85 83
박길진 92 99 93 69
김차진 76 66 94 69
고석하 69 75 91 98
손섭차 65 87 81 70
김준석 87 90 73 79
박가길 86 84 86 67
정사하 71 68 79 93
이화바 94 97 86 89
정윤마 68 79 85 80
곽자사 95 85 94 82
최재하 81 73 68 71
고재재 93 70 89 100
오화하 87 87 91 92
고라윤 77 77 100 78
손바타 86 71 90 92
송형자 68 82 84 84
정다길 79 87 74 82
정길섭 92 69 93 78
정석준 97 92 83 86
김진카 85 91 76 87
손형다 73 99 82 67
구아진 93 86 72 98
고카준 94 83 99 87
손타길 68 65 75 89
유자형 90 74 88 100
류바라 83 96 70 81
강차윤 84 81 77 77
유타아 95 76 93 88
고나윤 65 74 85 78
최마파 79 65 65 66
적준하 74 86 69 96
유석라 86 73 77 86
류가라 99 92 78 97
류석사 88 69 93 65
고마화 99 94 88 94
이진진 82 88 88 69
적자아 91 79 66 76
이차다 94 74 95 90
박차아 87 81 90 67
곽준카 77 92 85 94
강라사 66 71 88 81
류하자 70 67 89 75
강화차 69 71 91 72
이마재 100 80 96 69
손섭라 89 94 66 78
김가마 100 100 97 77
송형하 98 91 82 84
송파차 98 92 90 80
송형진 66 75 89 68
박타사 77 83 89 84
유차형 98 65 69 76
고석바 66 83 68 80
구차가 89 94 70 70
곽화윤 82 81 68 81
적타자 80 84 73 98
최바자 81 89 98 76
류윤윤 76 80 81 69
유진형 98 83 83 89
고나라 91 79 69 87
박나카 67 79 87 86
